1 0.170913 0.611699 0.083173 0.113141
1 0.280769 0.612660 0.081731 0.113141
1 0.389663 0.615865 0.078365 0.111218
1 0.495913 0.614904 0.074519 0.111218
1 0.600721 0.616987 0.074519 0.110897
1 0.706971 0.617628 0.073558 0.112179
1 0.814303 0.620192 0.075240 0.110897
1 0.940625 0.371795 0.084135 0.120513
0 0.060697 0.360577 0.071394 0.121795
0 0.170192 0.363782 0.067308 0.119872
0 0.281130 0.365865 0.063221 0.117628
0 0.390865 0.366346 0.061538 0.118590
0 0.498317 0.369071 0.060096 0.119551
0 0.606010 0.370673 0.062500 0.116346
0 0.713341 0.371795 0.064183 0.120513
0 0.824399 0.373878 0.066587 0.122756
0 0.912019 0.621314 0.062500 0.117628
0 0.072716 0.616506 0.066587 0.116346
