0 0.086298 0.246154 0.060096 0.115385
0 0.188942 0.245673 0.061538 0.114423
0 0.497476 0.247436 0.052163 0.115385
0 0.600361 0.245192 0.054567 0.117308
0 0.915625 0.242468 0.060096 0.120833
0 0.096755 0.494712 0.063221 0.109936
0 0.198558 0.493590 0.060096 0.110256
0 0.398438 0.493109 0.054567 0.104808
0 0.596755 0.494231 0.058413 0.108974
0 0.695312 0.493590 0.058413 0.105769
0 0.800361 0.494712 0.058413 0.108013
0 0.304688 0.725962 0.059375 0.108974
0 0.497115 0.725321 0.057692 0.112179
0 0.595192 0.725000 0.055288 0.108974
0 0.695433 0.728686 0.055288 0.108013
0 0.797115 0.730288 0.058654 0.106731
0 0.898077 0.729647 0.056731 0.109936
1 0.285577 0.247917 0.076923 0.114423
1 0.390865 0.248878 0.074519 0.114423
1 0.706611 0.245192 0.076202 0.115385
1 0.816346 0.242468 0.077885 0.120833
1 0.292308 0.491346 0.077885 0.105769
1 0.495793 0.490865 0.072837 0.106731
1 0.909736 0.491987 0.078606 0.110897
1 0.101562 0.723237 0.085817 0.108013
1 0.200120 0.723237 0.081010 0.109936
1 0.398798 0.722115 0.074519 0.105769
