1 0.254327 0.179006 0.057692 0.087500
1 0.618029 0.193269 0.049519 0.086538
1 0.689784 0.194872 0.052163 0.083333
1 0.762981 0.197115 0.054327 0.083333
1 0.193750 0.346795 0.055288 0.083333
1 0.264183 0.350481 0.055288 0.084295
1 0.333173 0.355769 0.051923 0.078205
1 0.402524 0.356891 0.051202 0.075962
1 0.471394 0.357853 0.051442 0.077885
1 0.539904 0.360577 0.051923 0.075000
1 0.606370 0.361058 0.053606 0.077885
1 0.676923 0.365865 0.056731 0.081090
1 0.746635 0.365865 0.053846 0.079167
1 0.270313 0.505769 0.056010 0.076923
1 0.598798 0.516506 0.054327 0.072756
1 0.664062 0.517628 0.053606 0.078846
1 0.731490 0.522436 0.055288 0.073718
1 0.212981 0.649038 0.053846 0.072436
1 0.275481 0.650641 0.053846 0.067308
1 0.341106 0.652724 0.050481 0.069551
1 0.403606 0.653846 0.050481 0.069231
1 0.467308 0.654327 0.051442 0.072756
1 0.529447 0.655449 0.047356 0.070513
1 0.592788 0.659135 0.049038 0.071474
1 0.656490 0.661859 0.049519 0.068590
1 0.720192 0.664103 0.050481 0.070513
1 0.281490 0.783654 0.051442 0.068590
1 0.527524 0.790545 0.049760 0.069551
1 0.586418 0.792788 0.047356 0.069551
1 0.648438 0.794391 0.049760 0.068269
1 0.710096 0.798077 0.048077 0.067308
0 0.186538 0.179006 0.045673 0.085577
0 0.330048 0.181571 0.045673 0.088782
0 0.401683 0.187019 0.044712 0.088782
0 0.473438 0.187500 0.048798 0.087821
0 0.543990 0.188622 0.040865 0.085577
0 0.207332 0.506891 0.042548 0.074679
0 0.338822 0.510577 0.039183 0.073718
0 0.404928 0.511699 0.041587 0.075962
0 0.468990 0.513782 0.037019 0.073718
0 0.533894 0.516026 0.039904 0.073718
0 0.224639 0.784295 0.041587 0.067308
0 0.345673 0.786218 0.038462 0.067308
0 0.406490 0.787340 0.037019 0.069551
0 0.466226 0.787821 0.042548 0.070513
