0 0.076442 0.315064 0.072115 0.125000
0 0.185337 0.315705 0.070673 0.126282
1 0.287981 0.315224 0.081731 0.116346
0 0.400481 0.316827 0.061538 0.117628
0 0.615264 0.316186 0.061779 0.116346
0 0.723798 0.315705 0.057692 0.117308
0 0.090865 0.515545 0.067308 0.119551
0 0.308293 0.696474 0.066587 0.118590
0 0.506611 0.695513 0.059375 0.116667
0 0.605649 0.695994 0.063221 0.117628
0 0.704567 0.696474 0.063942 0.118590
0 0.908053 0.697596 0.064183 0.116346
0 0.819111 0.512821 0.064183 0.118590
0 0.922596 0.510577 0.062500 0.118590
0 0.609615 0.512340 0.061538 0.113141
1 0.508654 0.317308 0.073077 0.120513
1 0.838341 0.316186 0.078606 0.114423
1 0.946635 0.317308 0.081731 0.120513
1 0.190986 0.512821 0.083413 0.114103
1 0.296394 0.512821 0.079327 0.114103
1 0.403726 0.511218 0.076202 0.108974
1 0.509495 0.512821 0.076202 0.112179
1 0.717428 0.510737 0.073798 0.109936
1 0.813462 0.696474 0.076923 0.112179
1 0.405288 0.694391 0.074519 0.114423
1 0.199760 0.698077 0.083173 0.115385
1 0.097596 0.697756 0.084135 0.112179
